75
4622987
3301154
3999093
816972
2029056
5264205
4245711
3430359
4247645
1233171
2299104
5761461
4162508
3658686
1024285
4600780
5013504
283765
2347237
975356
1490594
3479978
4636296
2104145
986572
946008
3466055
4455645
2729949
2342859
845674
1672203
3411252
3130428
1666937
3848074
3604373
5066744
2486105
5672006
4462222
143402
145781
1756050
3966214
3510828
2306221
354745
3328258
5754626
4768177
4303763
2053448
1908158
5388007
2458141
4064327
1529061
2933197
3217750
5619476
4346287
1704892
406736
2204076
3939205
4615940
455016
1278737
1642115
2767272
5344685
3074240
5240726
1115528
