101
1
346017
4045305
1308695
2282885
3747329
5803718
353019
4772964
2633603
749887
2162667
2649392
594087
2643437
1084195
871377
558998
4836991
2682440
2951125
4869382
4957496
3184407
1243342
4854638
3050304
884343
4764963
3714706
233366
4708178
3009398
5000097
5500238
1155385
580048
5998183
4631097
798019
5046845
2739214
3437931
4348471
1687490
3941106
77296
435626
2696538
5496910
2764953
5673695
5668360
228623
3008986
4073021
5504786
2605159
2693052
2075374
4316734
2681435
5663285
267262
1876045
4090236
4510546
2145889
2632620
3031030
1137225
2533729
637974
3988656
192104
3868625
3367124
1638093
1303632
1860788
3402023
236654
1279508
2073498
5080611
1800178
678355
4080986
3707483
5943698
3680265
4623384
5213739
2053185
1537622
3983775
45159
343267
4281416
5899502
1478045