85
10
15
20
1000000
2000000
3000000
4000000
5000000
1826515
4705862
2366907
4584034
4072365
3468559
3480430
2961604
2786102
2549503
1324624
2659946
2216684
1260557
893488
3001480
4802306
573601
3286051
4328507
4975566
3376916
3890559
2092419
2549211
2594191
660533
632197
1733408
3500094
2366898
4838143
2701589
4658113
31539
4762944
1281589
4707684
4401491
235387
2590165
3052073
887945
1643264
1564372
2562299
2774035
1239544
698067
903028
437109
1496565
2908022
1475485
4334173
107960
3308111
4587731
524823
231203
1973966
3228222
276934
2883856
4888262
1064574
609339
2111699
397914
4242977
2315586
1582105
4679907
4333463
3759269
1898202
4594604
