133
1
2
3
6
7
9
18
19
25
27
54
55
73
97
129
171
231
235
313
327
649
654
655
667
703
871
1161
2223
2322
2323
2463
2919
3711
6171
10971
13255
17647
17673
23529
26623
34239
35497
35655
52527
77031
106239
142587
156159
216367
230631
410011
511935
626331
837799
1117065
1126015
1501353
1564063
1723519
2298025
3064033
3542887
3732423
6169074
5792526
6838046
6509302
5691463
5204226
6107577
6806373
5401002
5033870
77419
100833
167137
169900
280645
291775
420951
459662
463150
595212
737581
971483
990697
1061597
1065067
1106284
1109711
1413637
1546752
1582867
1826932
1906233
1914056
1984461
2091231
2321137
2394832
2552532
2571863
2637307
2712198
2763136
2837949
2947268
2981471
3350792
3691182
3812359
3880380
4056414
4187977
4248241
4269892
4400277
4463532
4508331
4725966
4745514
4834127
4865382
4925513
16
20
19
908
66
524
752888
843
45

