100
4094987
3471325
1426376
441359
978869
3879502
1521910
85132
2801751
4089889
1526736
1147543
3395260
4370628
2833434
1303886
3896292
882931
368956
4161900
961289
4845279
2431403
3615121
1909172
2535087
2789964
1225331
1055429
3802191
1833015
4248050
3711179
2245274
3822897
559180
3552298
355328
3609292
1666553
4043075
4543549
716744
3236488
4724495
195543
4119492
2375195
3895492
1035927
1083067
4209764
3979213
1248306
3343873
1646168
2955846
4743226
4387955
2101885
955854
3157787
4234422
1413384
227339
1549961
3718296
3321968
2647099
2473082
1626578
301475
305459
4974825
2794280
3378967
4138553
2675439
1652436
469201
4643797
1351610
4217758
3441062
1564231
3737928
944761
2101847
710126
3326703
421767
4164809
3986210
193959
2963023
1590954
2142275
1
5000000
1