90
10
15
20
25
300
500
5000
50000
500000
5000000
2348
222222
4686846
1513953
3943203
4318521
4445096
2751053
2695341
1364260
3855943
1715272
413673
4444201
4838786
4512881
526911
1009815
2369438
3725595
2434698
633899
606006
423804
245811
431612
1064368
2233524
380026
672769
776236
2127715
53656
977920
3015600
861126
1590948
588035
1319587
257180
85712
70312
49999
35600
35200
20000
17000
13000
10900
6000
3700
2900
2450
2300
2210
1150
870
700
666
652
645
325
312
234
230
170
125
95
70
52
26
23
18
17
8
6
5
2
1
23456
