100
10
15
20
5000000
1
3
7
9
19
25
27
55
73
97
129
171
231
235
313
327
649
655
667
703
871
1161
2223
2323
2463
2919
3711
6171
10971
13255
17647
17673
23529
26623
34239
35497
35655
52527
77031
106239
142587
156159
216367
230631
410011
511935
626331
837799
1117065
1126015
1501353
1564063
1723519
2298025
3064033
3542887
3732423
77032
60
80
99
130
5424
56555
223252
2335254
21
5
152
5148
12385
98
6548
3252
251
6565
9222
4875
20235
3022
258
306
521650   
6556
968
869
78
87
847
841
26
6581
5191
2812
18591
818518
