97
10
15
20
77640
17312
81440
66823
28949
48975
75308
87008
61512
27833
10060
84783
38193
20546
14436
50766
62059
13909
11134
30744
25042
27256
72448
78103
22606
30115
87892
63066
96948
33885
92503
55547
31955
13152
92318
83156
62975
14701
60108
92840
67365
16224
50154
98391
7456
89847
45378
73925
66757
46404
49219
22899
14330
24160
66793
92098
71872
4214 
38071
23100
87470
95814
36148
77599
96559
23420
60817
15336
20069
65419
48202
42916
97887
81811
38730
63907
83377
96093
14012
87085
38999
35274
38384
65109
67717
62467
43913
24744
30393
31554
3992 
45872
89862
57850