100
50
100
250
500
750
1000
1500
2000
3000
4000
5000
10000
50000
100000
200000
500000
600000
750000
1000000
1831
2099
2153
5683
6043
28297
36373
51059
77747
91291
104327
113041
114757
134399
161983
212167
224683
241727
255887
264371
268913
362473
372971
384773
390307
395173
402131
417271
428299
529819
534943
575009
576221
578267
594793
599699
601631
607667
618883
748973
757039
759313
760147
769739
771091
832339
897907
911663
962569
974737
1006133
1165993
1272991
1854563
2069729
2085737
2162911
2833997
2928089
3636371
3711563
3841561
3873941
3907781
4012037
4050979
4084439
4135771
4230649
4338787
4357891
4404833
4466789
4505863
4543921
4624579
4739573
4816157
4937483
4816157
4937483