75
431416
666573
394358
4308
3877
25218
181021
508280
135766
158278
86950
1179041
836912
828
4072
477390
610966
12593
882942
1036561
4843
7096
6239
1205701
141403
1833726
2354670
2442779
2205507
1519314
2162290
1546671
2450
3924
8596
1390312
1980514
1381996
45461
1615224
1967996
1655876
2461061
1900912
24736
38529
31776
1921225
2470919
2564625
3221475
4177415
2934648
17375
22703
34417
3111542
3981422
3814019
4838181
39594
36389
32900
43374
3140103
4901054
2724522
2959129
45197
20802
21464
14566
4949513
3472933
4660912