86
298112
252826
979913
788543
502515
814367
11222
898681
455178
419920
937285
233642
804248
998119
849308
589865
359987
45530
231153
992739
716211
962747
23408
254678
62472
83573
929060
193789
132106
845486
199649
347971
322555
246192
30354
926920
512368
946429
705245
375235
240599
164162
969013
897082
793739
193029
80705
512298
126836
104747
645842
349624
207843
191946
477358
765397
14582
597224
86878
938686
3012
344350
147525
278177
58278
891687
760041
529237
633311
618251
661164
357715
3691
277472
567618
167357
422911
373693
955873
429481
798840
930831
247336
705581
750003
657838