85
10
15
20
2439057
378749
1285210
2778701
3343768
2527896
2223338
1869820
4502835
1833842
4768043
2204714
64146
1486552
2807963
3289247
1060126
2711209
3596084
3266410
1454693
4792923
4248692
1984985
4623097
573380
4573853
2257377
1326969
381693
3544029
3192499
3915179
2441788
3442603
1465735
821074
3917642
1318411
1827986
208997
2715157
3947068
2049344
3873311
3460506
1222933
991881
3967936
3231577
1286293
1701691
3555799
4318652
230834
1361613
4525901
4029529
4869595
2145911
2059474
686720
3338961
3300872
918115
3793178
4332465
2733071
4687635
3031545
2802970
2720082
450961
1563754
1234717
2671648
992647
4060585
3937215
167130
5000001
6000000
5989027
