100
1
321521
687091
1683978
1118598
3874026
1441544
4972888
3819651
662973
659628
3672706
4049731
2261027
2776546
2056548
4264016
2054198
2013437
2440293
1944909
2837696
3517601
1939700
4643020
3768559
1264862
4629476
1959099
4587547
3103147
4078010
3415876
2946411
2865494
2797152
839318
4256036
3089683
278195
880876
2504807
3483619
3293997
1702193
510440
3878489
2021303
4882284
2670739
4036540
2952282
1622948
521704
540857
2891567
3798387
2829696
868815
4318327
2847877
3506587
2362520
2174471
4672009
1601704
4138284
4533636
1536420
3892015
4355234
2815158
2603990
2235885
3854240
1186285
1274441
4836963
2612418
3908402
32962
1244692
815630
690431
861366
886710
1071179
709421
2434943
2368118
1631417
3573338
4909121
2166275
4132630
2403648
4193971
517903
3564481
5000000
