80
1982600
914000
1354400
99000
758800
786500
1411000
1248100
2160300
1530500
733300
1229700
1798700
2510100
3174500
1177100
2599700
522200
2958000
2775000
1038700
1925200
1829600
927900
1652400
2075600
869700
169600
510900
2140500
600800
3226300
3260200
821300
2640500
2268800
3229700
2222800
1345700
1116500
233800
1456500
44400
1041100
1806700
3227900
2556600
2536500
1873400
536900
1047200
2462600
1662800
1192300
2618500
609200
873300
1910500
1856900
1840200
377100
1752200
2965600
1104000
359700
2084500
794600
147100
2508500
2744800
1946700
231900
2890200
1512900
1702500
1901700
2054800
1917600
3044200
2031100
